1.66
0.003693
0.003723
0.178892
0.004089
---------------
1.66
0.003693
0.003723
0.178892
0.004089
0.004272
0.004242
0.004059
---------------
0.05069
0.083252
0.11911
0.145355
0.150543
0.131836
0.095642
0.054474
0.017975
---------------
0.037811
0.085724
0.121582
0.140717
0.1427
0.13092
0.107361
0.077362
0.050323
---------------
0.016083
0.045868
0.075134
0.098755
0.111298
0.110046
0.096558
0.074646
0.049469
---------------
0.038147
0.048126
0.074524
0.101746
0.111145
0.095612
0.062714
0.028351
0.0047
---------------
-0.007019
0.024872
0.062988
0.093811
0.106293
0.098816
0.081329
0.066772
0.060211
---------------
0.050262
0.067535
0.082458
0.09201
0.094269
0.089325
0.079041
0.065918
0.051697
---------------
-0.002075
0.027191
0.054993
0.074432
0.082397
0.079803
0.071472
0.061707
0.053589
---------------
0.048035
0.047485
0.054993
0.067993
0.077545
0.074921
0.058929
0.037354
0.019318
---------------